2238 3
2239 2
2240 1
2241 0
2242 1
2243 2
2244 3
69352 3
69353 2
69354 1
69355 0
69356 1
69357 2
69358 3
136466 3
136467 2
136468 1
136469 0
136470 1
136471 2
136472 3
203580 3
203581 2
203582 1
203583 0
203584 1
203585 2
203586 3
270694 3
270695 2
270696 1
270697 0
270698 1
270699 2
270700 3
337808 3
337809 2
337810 1
337811 0
337812 1
337813 2
337814 3
404922 3
404923 2
404924 1
404925 0
404926 1
404927 2
404928 3
472036 3
472037 2
472038 1
472039 0
472040 1
472041 2
472042 3
539150 3
539151 2
539152 1
539153 0
539154 1
539155 2
539156 3
606264 3
606265 2
606266 1
606267 0
606268 1
606269 2
606270 3
